8.00379,7.8938,1.00073
7.97074,8.54675,1.2964
8.09078,8.41196,0.889509
8.12778,8.23069,1.14079
7.40678,8.02903,1.22511
7.71196,8.35669,1.7115
7.42355,8.01502,1.61262
7.41084,8.30441,1.49004
7.85786,8.88323,1.05573
7.72473,8.72124,1.00879
7.74207,8.76038,1.23537
7.78159,8.70338,1.45754
7.67579,9.19741,1.26286
7.54134,9.50589,1.5057
7.77947,8.43125,1.85226
7.99662,8.23006,1.77549
7.98646,8.12484,2.00043
8.05583,8.01645,2.20817
7.88521,8.5213,2.17736
7.75669,8.73222,2.50998
7.65361,9.11047,1.6279
7.735,8.92729,1.4134
7.72744,9.29778,1.29382
7.79677,9.43666,1.23851
7.50097,9.30355,1.66547
7.24651,9.505,1.93726
7.99582,8.8463,1.93686
7.993,8.46969,1.94391
8.01764,8.39456,2.20064
8.0106,8.31391,2.41184
8.25558,8.82598,2.27247
8.46949,9.03345,2.50188
8.09427,9.20354,1.73265
8.18095,9.29654,1.63883
8.08524,9.1314,2.23406
8.17533,9.13078,2.62238
7.80313,8.49783,2.12693
7.88858,8.3267,2.27743
7.58635,8.89245,2.32651
7.31751,9.09888,2.58147
7.96017,9.48393,2.26802
8.03163,9.60337,2.18845
7.89315,9.31968,2.77274
7.84661,9.34381,3.17036
7.9537,9.84819,2.83283
7.88117,9.63162,2.86565
7.89822,8.78192,2.3435
7.89167,8.58652,2.38004
7.98507,9.2053,2.73493
8.01046,9.38049,3.08589
8.04951,9.00095,2.78289
7.97909,8.782,2.73972
7.40559,9.46333,2.89487
7.5802,9.34703,3.00555
7.97464,8.83023,2.89652
8.12559,8.95796,2.8709
8.01203,6.09127,1.13605
7.56418,6.06008,1.53255
7.84833,5.72548,1.28182
7.67958,5.9628,1.28473
8.25054,6.0067,1.60576
8.08963,6.64833,1.83195
8.38358,6.42098,1.60802
8.28028,6.26443,1.83543
8.39855,5.36057,1.54276
8.33957,5.55914,1.36768
8.46469,5.18769,1.5428
8.54641,5.04621,1.72745
8.37531,5.54202,1.80403
8.26688,5.68622,2.17479
7.81413,6.11408,2.0575
7.95862,5.76898,2.13899
7.85976,5.70866,2.32525
7.88114,5.6183,2.53849
7.81723,6.15105,2.45899
7.67977,6.40083,2.7621
8.57335,5.57298,2.12479
8.49316,5.26348,2.07642
8.67293,5.10076,2.18102
8.71041,4.96685,2.37159
8.89246,5.5383,2.26246
9.16275,5.72028,2.44979
7.99248,5.56539,2.47326
7.9328,5.38226,2.26083
7.6724,5.33803,2.37324
7.46994,5.34923,2.43749
7.82516,5.34336,2.79029
7.88224,5.29488,3.18816
8.61094,5.31268,2.54083
8.82049,5.25087,2.57163
8.43313,5.35838,2.97445
8.33496,5.41402,3.36442
8.1661,4.75777,2.33726
8.28516,4.56286,2.35564
7.88455,4.94189,2.64086
7.56387,4.98252,2.88408
8.47988,5.39217,3.27524
8.62867,5.48935,3.3182
8.21162,5.15827,3.65219
8.02293,5.1129,3.99344
8.41049,5.65152,3.85369
8.33789,5.43204,3.8734
8.33611,4.74622,3.12305
8.30227,4.57443,3.093
8.44646,5.04289,3.58525
8.51757,5.10382,3.96631
8.50626,4.85241,3.56714
8.43295,4.65044,3.50463
7.87541,5.15526,3.93751
8.0588,5.08346,4.02698
8.44533,4.58997,3.75047
8.59409,4.73052,3.73651
7.43459,7.89836,2.2861
7.59013,7.86974,2.10566
7.62298,7.7384,2.43962
7.69528,7.64646,2.65412
7.50486,8.13414,2.57528
7.3687,8.37373,2.88598
6.78334,7.68784,1.71914
6.92121,7.36352,1.78503
6.67964,7.24461,1.8602
6.63988,7.12926,2.0408
6.66841,7.65915,2.07317
6.49489,7.87552,2.38689
6.99769,8.19585,2.2144
7.16123,8.07737,2.03133
7.29709,8.29329,2.24411
7.40239,8.26897,2.45257
6.99812,8.52495,2.25903
6.73954,8.82746,2.41448
6.84267,7.67378,2.42481
6.8238,7.52126,2.1727
6.57783,7.37583,2.26292
6.38888,7.34359,2.31347
6.73915,7.35331,2.68115
6.81514,7.25431,3.0701
6.67267,8.16244,2.1083
6.47593,8.22664,2.0764
6.95765,8.40229,2.39639
7.16096,8.65099,2.5884
7.00086,7.5571,2.55559
7.13083,7.39536,2.69485
6.75279,7.87189,2.80788
6.50476,8.03087,3.10611
6.3142,8.06516,2.34987
6.29427,7.99384,2.20596
6.27494,8.40552,2.78695
6.14105,8.66092,3.08544
5.96227,8.43478,2.76681
5.85932,8.28934,2.70346
6.77806,8.01528,2.76297
6.91746,7.90006,2.93883
6.49789,8.40874,2.84277
6.24033,8.71169,3.00065
6.76682,8.44714,3.0126
6.7239,8.19263,3.0591
5.88781,7.91697,2.98388
6.06986,7.84636,3.1127
6.54631,8.3182,3.13884
6.66101,8.46076,3.03722
6.48392,7.91716,3.42905
6.30248,8.1508,3.4938
6.02346,8.45316,3.18529
6.18163,8.64346,3.17845
8.4028,7.05716,2.13294
8.57197,7.02633,1.96727
8.59412,6.89413,2.29833
8.66418,6.80329,2.51343
8.47869,7.29324,2.42976
8.34194,7.53552,2.73813
8.1273,6.34327,1.4922
8.27006,6.47067,1.41909
8.24725,6.10045,1.43792
8.30371,5.92036,1.5768
8.18348,6.3761,1.77411
8.06769,6.44235,2.15988
8.50851,6.78771,2.15957
8.41255,6.48367,2.21174
8.29754,6.51293,2.4323
8.19184,6.49989,2.63166
8.61103,6.7989,2.57614
8.81282,6.96359,2.85234
8.80715,6.47929,1.68851
8.65676,6.25055,1.71565
8.81835,6.02434,1.58679
8.86478,5.83244,1.69998
9.05821,6.40226,1.52878
9.40437,6.51955,1.41959
8.54504,6.04179,2.28731
8.60154,5.86679,2.43521
8.35535,6.47373,2.4649
8.08076,6.70655,2.69146
9.06881,6.43533,1.77714
9.19711,6.38888,1.65017
9.1173,6.45494,2.27703
9.26916,6.42699,2.64826
8.78584,5.75128,2.36629
8.75119,5.64244,2.25174
8.81306,5.86656,2.88616
8.75632,5.89674,3.28297
8.75181,5.67191,2.99651
8.67383,5.48366,2.92977
9.11725,6.12127,2.56607
9.29202,6.02213,2.71095
8.7943,6.41833,2.73349
8.5211,6.66815,2.94473
9.08829,6.52944,2.83276
9.05567,6.26663,2.89015
9.06934,5.4412,2.97775
9.22985,5.55897,2.98571
8.95354,6.26189,3.04349
9.09479,6.36332,2.9663
9.49747,5.80759,3.13698
9.35915,5.8842,3.35317
8.84428,5.88007,3.41176
8.77676,6.22019,3.33941
6.56182,7.46812,2.69677
6.6802,7.24624,2.49732
6.46593,7.50956,2.34132
6.38138,7.64066,2.2224
6.29613,7.45309,2.76865
6.02859,7.55113,3.06794
7.0966,7.2711,3.05581
7.05579,6.92314,3.01043
7.06647,6.78996,3.24896
7.0391,6.69404,3.4475
7.33691,7.16988,3.3807
7.57872,7.30661,3.64242
6.3793,6.82311,2.89633
6.38526,6.62453,2.95096
6.22115,7.2923,2.9855
5.91556,7.59418,3.00467
6.93202,7.42285,3.24535
7.10445,7.41074,3.39285
6.57559,7.45268,3.48105
6.30066,7.56107,3.77091
6.09939,6.71432,3.43782
6.09109,6.63507,3.29404
6.06081,6.75412,3.95769
5.96712,6.74084,4.34245
6.00888,6.57279,4.02321
5.93106,6.3919,3.94795
6.10489,7.25932,3.47258
5.96055,7.36653,3.37157
6.24896,7.31307,3.95542
6.35956,7.39145,4.32145
6.10825,7.52946,3.86525
5.97815,7.41489,3.84356
6.10109,6.579,4.33119
6.26389,6.68551,4.33127
5.68842,7.43273,3.8839
5.8344,7.22606,4.05776
6.21199,7.04865,4.6224
6.00671,7.16251,4.72123
5.54186,6.69171,4.37327
5.47679,7.0372,4.37395
5.81936,7.33738,4.52993
5.68305,7.18107,4.69981
5.52051,6.81564,4.63981
5.72172,6.73133,4.78723
8.7674,7.07842,2.90674
8.69582,6.89163,2.70234
8.55133,6.71994,2.91984
8.42899,6.65579,3.08143
8.83729,6.93222,3.19009
9.02869,6.95519,3.53545
8.89797,7.65039,2.55306
9.04172,7.34622,2.45379
9.27105,7.57489,2.4061
9.47269,7.52608,2.50223
9.06769,7.92963,2.5143
8.96126,8.31757,2.59976
9.22659,6.7944,2.78976
9.37437,6.63125,2.75245
9.03325,6.81629,3.22069
8.86661,6.74698,3.56553
9.198,7.72311,2.80905
9.19704,7.91477,2.80061
9.1929,7.46106,3.26815
9.28418,7.38528,3.65869
9.79544,6.77889,3.22909
9.7426,6.61196,3.21208
10.0613,7.08005,3.57985
10.3279,7.15444,3.85154
10.243,6.84028,3.60162
10.1804,6.5991,3.57739
9.44167,7.02204,3.53343
9.30911,6.94529,3.67113
9.71566,7.47732,3.67934
9.85062,7.78231,3.8574
9.55869,7.37984,3.89233
9.46652,7.19342,3.87142
10.3966,7.01528,3.87879
10.4171,7.27133,3.76662
9.47304,7.1461,4.05467
9.657,7.1522,4.09015
10.3431,7.47427,4.25967
10.2318,7.41192,4.48293
9.8961,6.71051,4.43101
9.73995,6.98263,4.49252
10.0299,7.43333,4.49219
9.88419,7.28638,4.65377
9.84805,6.83027,4.67654
10.0645,6.86174,4.73522
7.60704,6.44177,3.07178
7.76705,6.33955,3.23421
7.297,6.67731,3.28367
7.03837,6.847,3.56833
7.46547,6.0791,2.41988
7.64548,5.93168,2.49337
7.13064,6.23083,2.33333
6.78014,6.2963,2.13548
6.90041,6.18746,3.33934
6.69405,6.23181,3.34495
7.1942,6.36529,3.69716
7.38978,6.51092,3.99135
6.90466,6.53077,3.94549
6.81205,6.34327,3.93305
7.20999,5.74195,3.17341
7.15685,5.58541,3.13132
7.40634,5.98326,3.60757
7.59661,6.00499,3.95303
7.4713,5.8211,3.54062
7.39686,5.61107,3.48511
6.40177,5.82011,3.5975
6.57046,5.69596,3.7638
7.30739,5.43203,3.70243
7.43493,5.60863,3.67044
6.78384,5.16827,4.02536
6.6455,5.45895,4.07522
7.32407,5.92054,4.19426
7.13578,5.9282,4.33225
6.93561,5.30599,4.25951
7.1396,5.38938,4.2839
6.92694,5.72003,4.57445
7.08948,5.8555,4.46969
7.5391,5.03844,5.32787
7.26519,5.68534,5.45651
6.60445,5.28488,5.71049
6.65897,5.98634,5.56604
7.92004,8.17637,2.82265
7.72334,8.17478,2.90103
8.20542,8.54678,2.98225
8.33807,8.87612,3.11112
8.60645,7.91526,2.47362
8.6684,7.84642,2.31421
8.78518,7.94961,2.93296
9.03455,7.88226,3.24912
8.23358,8.51535,3.31952
8.04911,8.50415,3.28981
8.4486,8.79368,3.71862
8.54477,8.99135,4.03447
8.14219,8.85282,3.93486
8.04608,8.67638,3.90414
8.74659,8.36274,3.16171
8.88591,8.18849,3.13628
8.73971,8.79793,3.52058
8.7655,9.07616,3.79557
8.9255,8.80989,3.36981
8.93379,8.50698,3.41756
8.37356,8.37214,4.1187
8.55457,8.40606,4.14829
9.07652,8.65786,3.60814
9.01311,8.9146,3.48464
8.87692,8.38013,4.32609
8.70108,8.61558,4.40411
8.78878,9.2969,3.92683
8.87511,9.14972,4.16146
9.0173,8.61026,4.36848
9.10091,8.86831,4.26548
8.9034,9.28653,4.28325
8.75056,9.15233,4.44131
9.61206,8.66978,5.31887
9.25357,9.256,5.41834
8.60027,8.76595,5.73456
8.64783,9.46424,5.57836
8.47333,6.29693,3.70795
8.66643,6.16856,3.77171
8.25751,6.63513,4.02182
8.0928,6.88803,4.31261
8.62869,6.75782,4.21129
8.58267,6.50042,4.24395
8.12406,6.09086,3.43216
8.14235,6.10667,3.26172
8.02111,5.94385,3.92073
7.92783,5.79191,4.26369
8.07463,5.88978,3.80252
8.00923,5.80067,3.66696
7.97491,6.28389,4.49509
8.15621,6.29996,4.50817
8.11779,5.56299,3.79751
8.29553,5.61403,3.87621
7.99466,5.62547,4.76863
7.93096,5.97106,4.71221
8.72091,5.69249,4.2994
8.62936,5.6559,4.57742
8.16096,5.48101,4.54311
8.31193,5.32596,4.74655
8.62022,5.41695,4.92469
8.6595,5.70047,4.79506
8.62759,4.47812,5.78046
8.51672,5.15613,6.07988
8.66028,5.39844,6.37285
8.56946,6.06376,6.16996
9.23483,5.09129,6.12435
8.60891,5.01837,6.48854
8.39787,5.13438,6.62656
8.11265,5.70316,6.24825
7.99652,8.12421,3.08626
8.14781,8.01858,2.99158
7.93645,8.45649,3.50444
7.88736,8.72053,3.80516
8.1913,8.76655,3.33874
8.16779,8.50101,3.40889
7.7121,7.67775,3.38116
7.66073,7.501,3.4136
7.8062,8.09728,3.77321
7.79756,8.28818,4.12185
7.79094,7.88764,3.84747
7.71366,7.69403,3.78591
7.53401,8.85187,3.31071
7.5295,8.64829,3.5113
7.71697,7.82806,3.91001
7.88868,7.90099,3.91536
7.32049,8.42702,3.9507
7.41993,8.70414,3.9208
8.21696,8.43517,3.86733
8.10963,8.42733,4.12156
7.54056,8.4524,4.03643
7.70511,8.28444,4.23573
8.13094,8.42706,4.20121
8.03222,8.72175,4.06016
8.02869,8.20218,5.14963
7.91377,8.91434,5.15335
7.96747,9.05545,5.06875
7.89191,9.68443,4.78684
8.56014,9.08578,5.04611
7.94277,8.92406,5.3619
7.51958,8.89426,5.35828
7.6011,9.50934,4.89272
8.08593,7.19424,4.63305
8.27218,7.15217,4.72556
8.98628,7.09389,4.16204
8.99781,7.35756,4.07132
8.86304,6.82937,4.87283
8.69614,7.04941,4.97975
8.9659,7.85153,4.56464
8.99278,7.71361,4.83046
9.09622,7.02332,4.93354
9.19387,7.26509,4.84236
9.19292,7.62612,5.10991
8.96941,7.72923,5.08042
10.2795,7.14163,5.6581
9.89535,7.64239,6.01414
9.20478,7.12661,6.59238
9.21535,7.82866,6.44717
10.1829,8.15508,5.9837
10.0005,7.63559,6.63272
10.0411,6.97279,6.65221
9.42762,7.25795,6.66149
9.50578,7.75811,6.91294
10.1517,7.84646,6.57587
9.97198,7.17407,6.97401
10.1414,6.84538,6.28208
6.40695,7.19885,4.01139
6.53719,7.01075,4.21307
7.11477,6.30923,4.22181
7.27287,6.43473,4.23483
6.35756,6.32658,4.43857
6.31904,6.67007,4.4349
7.16279,6.74978,4.80174
6.97643,6.80314,4.95347
6.52843,6.38493,4.67336
6.70009,6.25382,4.84706
6.70253,6.5752,5.22148
6.81109,6.78603,5.08289
6.84068,5.63864,5.96417
6.65062,6.30846,6.20746
6.03453,6.33059,6.39137
6.11159,7.01465,6.20171
7.05772,6.64751,6.36064
6.50846,6.36915,6.77558
6.18533,5.8113,6.70865
5.81882,6.39538,6.45332
5.93624,6.83783,6.7772
6.61757,6.51333,6.7868
5.97424,6.12326,6.95408
6.29299,5.60604,6.42786
8.10467,8.21264,3.85308
8.2313,8.19417,4.07559
8.28156,7.31152,4.40675
8.11265,7.48424,4.54885
8.05285,8.0767,4.16526
7.9658,7.90131,4.38316
8.24259,7.44279,4.54615
8.40137,7.62446,4.49363
7.90223,7.63306,5.3797
8.12756,8.30626,5.3051
9.17285,7.74774,5.14956
8.90444,8.38087,5.09247
8.69388,7.78153,5.6489
8.12713,8.14142,5.53959
8.29924,8.96832,4.72949
8.73399,8.55665,5.24686
8.55468,8.16451,5.77261
8.86533,7.67841,5.22928
8.71563,8.86435,5.37644
8.04622,8.68647,5.0539
8.82443,7.87726,5.79948
8.89829,8.66779,5.32417
9.0875,8.87815,5.92538
9.11023,8.84525,5.92136
9.15339,8.12721,5.89016
9.17822,8.15855,5.88614
7.91841,8.34852,5.45701
8.65735,8.16564,5.85144
8.48178,8.6375,6.30959
8.51021,8.60939,6.30559
8.20605,8.08801,6.17624
8.17236,8.10962,6.17223
7.87128,6.55407,4.61177
7.71203,6.60153,4.80773
7.08661,6.12758,4.34261
6.999,6.45528,4.34507
7.1738,6.67174,4.7059
7.2607,6.39465,4.92703
7.06188,6.15572,4.47664
7.19358,5.97792,4.69126
6.47547,5.94949,5.89628
6.88546,6.49319,5.86106
7.56776,5.15846,5.92435
7.42844,5.86607,5.95986
6.67382,5.42357,6.41475
6.48247,6.10099,6.10041
7.76322,6.25047,6.10122
7.16862,6.01973,6.4431
6.60479,5.72337,6.59047
6.94591,5.20818,6.07327
6.57975,6.48013,6.38121
7.27607,6.19949,6.51203
6.83904,5.31073,7.03895
7.42869,5.90927,6.79588
7.45389,5.92982,7.44351
7.48947,5.91157,7.43953
7.294,5.2626,7.27626
7.29094,5.30247,7.27227
6.3726,6.03169,6.47832
6.90359,5.62528,7.13849
6.74535,6.15141,7.5382
6.77377,6.12326,7.53422
6.44364,5.66416,7.34629
6.40697,5.68015,7.34224
7.48856,7.99438,4.35606
7.29855,7.98071,4.48255
7.20515,7.54626,4.71877
7.41447,7.49082,4.84524
6.34166,7.88298,5.28324
6.76522,8.41178,5.52893
7.72169,7.61554,6.0213
7.55693,8.29939,5.9522
6.85576,7.61624,6.18527
6.51126,8.23086,5.94333
6.99791,9.1172,5.56641
7.24526,8.55681,6.08591
6.91592,8.18208,6.50327
7.21951,7.65414,5.9836
6.98329,9.10559,5.98354
6.43493,8.54208,5.7372
7.09784,8.04308,6.91016
7.20051,8.79173,6.39244
7.25858,9.08445,6.9925
7.27412,9.0476,6.98848
7.34015,8.3386,7.05697
7.36563,8.3694,7.05298
6.27083,8.20882,6.24068
6.98255,8.05874,6.75853
6.73554,8.35076,7.25328
6.76718,8.32629,7.24929
6.47683,7.83159,7.01422
6.44527,7.85615,7.01019
7.04008,8.59871,7.53988
7.07623,8.61584,7.53585
6.74101,9.1415,7.1181
6.73028,9.10296,7.11412
6.7108,7.60574,7.52841
6.69868,7.64387,7.52443
6.74492,8.46496,7.53972
6.75427,8.42605,7.53574
8.01633,6.81593,4.67967
8.13872,6.60512,4.91024
8.46064,6.33664,4.68229
8.52869,6.60291,4.57725
8.26408,5.51055,5.66379
8.32703,6.18665,5.95592
9.38356,6.20259,5.96517
9.12677,6.83626,5.88279
9.14844,5.47604,6.05544
8.49255,5.66974,6.25615
9.17923,6.60897,6.42338
8.51083,6.64396,6.32744
9.05287,5.80336,6.70017
9.1612,5.59104,5.94773
8.42288,6.82679,6.47028
8.28137,5.93557,6.47231
9.08691,5.64217,7.33412
9.17041,6.39741,6.82033
9.2466,6.68246,7.42168
9.26257,6.64578,7.41765
9.33588,5.93792,7.47361
9.362,5.9682,7.46963
8.27787,5.6982,6.71127
9.04326,5.65937,7.13822
8.79562,5.85638,7.67292
8.82903,5.83433,7.66895
8.55155,5.32371,7.42834
8.52278,5.35147,7.42431
8.97186,5.94985,8.10842
8.97983,5.98906,8.10446
8.8804,6.67228,7.67723
8.88322,6.63236,7.6732
8.86523,5.04772,7.97764
8.85509,5.08641,7.97365
8.88131,5.90923,8.00618
8.89063,5.87033,8.00219
